      Rss is:
     2 227.579670257
      7 195.729829576
      12 174.775565704
      17 158.892888191
      22 141.571766189
      27 126.810810083
      32 120.568565988
      37 106.143459273
      42 100.683073382
      47 94.1987288856
      52 85.996054899
      57 75.0228316639
      62 69.3998122396
      67 62.9745742522
      72 56.3716483425
      77 52.9613169291
      82 43.2181551778
      87 41.0139573125
      92 35.7213141765
      97 29.5548618312
      102 27.2587889097
      107 22.198488566
      112 17.3241391981
      117 15.7034034481
      122 14.0385238664
      127 8.26466836224
      132 7.65608478469
      137 4.00489768912
      142 2.09242690245
       Purity is:
      2 0.380952380952
      7 0.517006802721
      12 0.748299319728
      17 0.727891156463
      22 0.775510204082
      27 0.775510204082
      32 0.734693877551
      37 0.802721088435
      42 0.836734693878
      47 0.850340136054
      52 0.809523809524
      57 0.884353741497
      62 0.891156462585
      67 0.877551020408
      72 0.918367346939
      77 0.91156462585
      82 0.938775510204
      87 0.897959183673
      92 0.931972789116
      97 0.952380952381
      102 0.945578231293
      107 0.965986394558
      112 0.979591836735
      117 0.979591836735
      122 0.979591836735
      127 0.993197278912
      132 0.993197278912
      137 0.986394557823
      142 1.0
      Rand index is:
      2 0.58838878017
      7 0.769825738515
      12 0.837014257758
      17 0.815021899171
      22 0.817258410213
      27 0.817165222253
      32 0.810176125245
      37 0.813717267729
      42 0.817537974094
      47 0.815115087131
      52 0.810921628926
      57 0.815860590812
      62 0.81427639549
      67 0.812692200168
      72 0.813437703849
      77 0.812319448327
      82 0.81446277141
      87 0.809523809524
      92 0.810176125245
      97 0.810362501165
      102 0.809244245643
      107 0.810176125245
      112 0.809803373404
      117 0.809151057683
      122 0.808871493803
      127 0.809337433604
      132 0.808685117883
      137 0.808219178082
      142 0.808312366042
