2 0.380952380952
7 0.517006802721
12 0.748299319728
17 0.727891156463
22 0.775510204082
27 0.775510204082
32 0.734693877551
37 0.802721088435
42 0.836734693878
47 0.850340136054
52 0.809523809524
57 0.884353741497
62 0.891156462585
67 0.877551020408
72 0.918367346939
77 0.91156462585
82 0.938775510204
87 0.897959183673
92 0.931972789116
97 0.952380952381
102 0.945578231293
107 0.965986394558
112 0.979591836735
117 0.979591836735
122 0.979591836735
127 0.993197278912
132 0.993197278912
137 0.986394557823
142 1.0

