Rss is:
2 221.734705594
7 184.975435806
12 160.808244075
17 149.873659028
22 138.441805903
27 124.334484195
32 111.73568663
37 103.877212205
42 93.7157319135
47 86.981500315
52 80.3996278187
57 76.2241736105
62 66.7514058603
67 62.9341281412
72 56.5787495237
77 49.4552623021
82 46.4269980459
87 39.9998521758
92 36.2237083167
97 33.182679584
102 28.3844137881
107 23.4603984264
112 19.7896513331
117 13.7904426659
122 12.9090820413
127 9.50385511856
132 7.00448768224
137 5.31952188128
142 0.207495256202
Purity is:
2 0.387755102041
7 0.775510204082
12 0.802721088435
17 0.78231292517
22 0.816326530612
27 0.768707482993
32 0.836734693878
37 0.843537414966
42 0.891156462585
47 0.884353741497
52 0.925170068027
57 0.938775510204
62 0.918367346939
67 0.91156462585
72 0.952380952381
77 0.938775510204
82 0.931972789116
87 0.925170068027
92 0.945578231293
97 0.972789115646
102 0.959183673469
107 0.952380952381
112 0.972789115646
117 0.979591836735
122 0.993197278912
127 0.986394557823
132 0.993197278912
137 0.979591836735
142 1.0
Rand index is:
2 0.612338085919
7 0.845867113969
12 0.845587550089
17 0.825179386823
22 0.834311806915
27 0.816326530612
32 0.817444786134
37 0.818283477775
42 0.817724350014
47 0.817165222253
52 0.820333612897
57 0.818283477775
62 0.815674214891
67 0.813624079769
72 0.816326530612
77 0.813064952008
82 0.812599012208
87 0.811667132606
92 0.812039884447
97 0.812785388128
102 0.810455689125
107 0.809616997484
112 0.810082937285
117 0.808778305843
122 0.809710185444
127 0.809057869723
132 0.808871493803
137 0.807660050321
142 0.808032802162
