2 0.58838878017
      7 0.769825738515
      12 0.837014257758
      17 0.815021899171
      22 0.817258410213
      27 0.817165222253
      32 0.810176125245
      37 0.813717267729
      42 0.817537974094
      47 0.815115087131
      52 0.810921628926
      57 0.815860590812
      62 0.81427639549
      67 0.812692200168
      72 0.813437703849
      77 0.812319448327
      82 0.81446277141
      87 0.809523809524
      92 0.810176125245
      97 0.810362501165
      102 0.809244245643
      107 0.810176125245
      112 0.809803373404
      117 0.809151057683
      122 0.808871493803
      127 0.809337433604
      132 0.808685117883
      137 0.808219178082
      142 0.808312366042
